mod:        121
prime:      False
card:       109
units:      2, 3, 4, 5, 6, 7, 8, 9, 10, 12, 13, 14, 15, 16, 17, 18, 19, 20, 21, 23, 24, 25, 26, 27, 28, 29, 30, 31, 32, 34, 35, 36, 37, 38, 39, 40, 41, 42, 43, 45, 46, 47, 48, 49, 50, 51, 52, 53, 54, 56, 57, 58, 59, 60, 61, 62, 63, 64, 65, 67, 68, 69, 70, 71, 72, 73, 74, 75, 76, 78, 79, 80, 81, 82, 83, 84, 85, 86, 87, 89, 90, 91, 92, 93, 94, 95, 96, 97, 98, 100, 101, 102, 103, 104, 105, 106, 107, 108, 109, 111, 112, 113, 114, 115, 116, 117, 118, 119, 120
generators: 

  1   2   3   4   5   6   7   8   9  10  11  12  13  14  15  16  17  18  19  20  21  22  23  24  25  26  27  28  29  30  31  32  33  34  35  36  37  38  39  40  41  42  43  44  45  46  47  48  49  50  51  52  53  54  55  56  57  58  59  60  61  62  63  64  65  66  67  68  69  70  71  72  73  74  75  76  77  78  79  80  81  82  83  84  85  86  87  88  89  90  91  92  93  94  95  96  97  98  99 100 101 102 103 104 105 106 107 108 109 110 111 112 113 114 115 116 117 118 119 120
-----------------------------------------------------------------------------------------------------------------------------------------------------------------------------------------------------------------------------------------------------------------------------------------------------------------------------------------------------------------------------------------------------------------------------------------------------------------------------------------------
  2   4   8  16  32  64   7  14  28  56 112 103  85  49  98  75  29  58 116 111 101  81  41  82  43  86  51 102  83  45  90  59 118 115 109  97  73  25  50 100  79  37  74  27  54 108  95  69  17  34  68  15  30  60 120 119 117 113 105  89  57 114 107  93  65   9  18  36  72  23  46  92  63   5  10  20  40  80  39  78  35  70  19  38  76  31  62   3   6  12  24  48  96  71  21  42  84  47  94  67  13  26  52 104  87  53 106  91  61   1   2   4   8  16  32  64   7  14  28  56 
  3   9  27  81   1   3   9  27  81   1   3   9  27  81   1   3   9  27  81   1   3   9  27  81   1   3   9  27  81   1   3   9  27  81   1   3   9  27  81   1   3   9  27  81   1   3   9  27  81   1   3   9  27  81   1   3   9  27  81   1   3   9  27  81   1   3   9  27  81   1   3   9  27  81   1   3   9  27  81   1   3   9  27  81   1   3   9  27  81   1   3   9  27  81   1   3   9  27  81   1   3   9  27  81   1   3   9  27  81   1   3   9  27  81   1   3   9  27  81   1 
  4  16  64  14  56 103  49  75  58 111  81  82  86 102  45  59 115  97  25 100  37  27 108  69  34  15  60 119 113  89 114  93   9  36  23  92   5  20  80  78  70  38  31   3  12  48  71  42  47  67  26 104  53  91   1   4  16  64  14  56 103  49  75  58 111  81  82  86 102  45  59 115  97  25 100  37  27 108  69  34  15  60 119 113  89 114  93   9  36  23  92   5  20  80  78  70  38  31   3  12  48  71  42  47  67  26 104  53  91   1   4  16  64  14  56 103  49  75  58 111 
  5  25   4  20 100  16  80  37  64  78  27  14  70 108  56  38  69 103  31  34  49   3  15  75  12  60  58  48 119 111  71 113  81  42  89  82  47 114  86  67  93 102  26   9  45 104  36  59  53  23 115  91  92  97   1   5  25   4  20 100  16  80  37  64  78  27  14  70 108  56  38  69 103  31  34  49   3  15  75  12  60  58  48 119 111  71 113  81  42  89  82  47 114  86  67  93 102  26   9  45 104  36  59  53  23 115  91  92  97   1   5  25   4  20 100  16  80  37  64  78 
  6  36  95  86  32  71  63  15  90  56  94  80 117  97  98 104  19 114  79 111  61   3  18 108  43  16  96  92  68  45  28  47  40 119 109  49  52  70  57 100 116  91  62   9  54  82   8  48  46  34  83  14  84  20 120 115  85  26  35  89  50  58 106  31  65  27  41   4  24  23  17 102   7  42  10  60 118 103  13  78 105  25  29  53  76  93  74  81   2  12  72  69  51  64  21   5  30  59 112  67  39 113  73  75  87  38 107  37 101   1   6  36  95  86  32  71  63  15  90  56 
  7  49 101 102 109  37  17 119 107  23  40  38  24  47  87   4  28  75  41  45  73  27  68 113  65  92  39  31  96  67 106  16 112  58  43  59  50 108  30  89  18   5  35   3  21  26  61  64  85 111  51 115  79  69 120 114  72  20  19  12  84 104   2  14  98  81  83  97  74  34 117  93  46  80  76  48  94  53   8  56  29  82  90  25  54  15 105   9  63  78  62  71  13  91  32 103 116  86 118 100  95  60  57  36  10  70   6  42  52   1   7  49 101 102 109  37  17 119 107  23 
  8  64  28 103  98  58 101  82  51  45 118  97  50  37  54  69  68  60 117  89 107   9  72  92  10  80  35  38  62  12  96  42  94  26  87  91   2  16   7  56  85  75 116  81  43 102  90 115  73 100  74 108  17  15 120 113  57  93  18  23  63  20  39  70  76   3  24  71  84  67  52  53  61   4  32  14 112  49  29 111  41  86  83  59 109  25  79  27  95  34  30 119 105 114  65  36  46   5  40  78  19  31   6  48  21  47  13 104 106   1   8  64  28 103  98  58 101  82  51  45 
  9  81   3  27   1   9  81   3  27   1   9  81   3  27   1   9  81   3  27   1   9  81   3  27   1   9  81   3  27   1   9  81   3  27   1   9  81   3  27   1   9  81   3  27   1   9  81   3  27   1   9  81   3  27   1   9  81   3  27   1   9  81   3  27   1   9  81   3  27   1   9  81   3  27   1   9  81   3  27   1   9  81   3  27   1   9  81   3  27   1   9  81   3  27   1   9  81   3  27   1   9  81   3  27   1   9  81   3  27   1   9  81   3  27   1   9  81   3  27   1 
 10 100  32  78  54  56  76  34  98  12 120 111  21  89  43  67  65  45  87  23 109   1  10 100  32  78  54  56  76  34  98  12 120 111  21  89  43  67  65  45  87  23 109   1  10 100  32  78  54  56  76  34  98  12 120 111  21  89  43  67  65  45  87  23 109   1  10 100  32  78  54  56  76  34  98  12 120 111  21  89  43  67  65  45  87  23 109   1  10 100  32  78  54  56  76  34  98  12 120 111  21  89  43  67  65  45  87  23 109   1  10 100  32  78  54  56  76  34  98  12 
 12  23  34  45  56  67  78  89 100 111   1  12  23  34  45  56  67  78  89 100 111   1  12  23  34  45  56  67  78  89 100 111   1  12  23  34  45  56  67  78  89 100 111   1  12  23  34  45  56  67  78  89 100 111   1  12  23  34  45  56  67  78  89 100 111   1  12  23  34  45  56  67  78  89 100 111   1  12  23  34  45  56  67  78  89 100 111   1  12  23  34  45  56  67  78  89 100 111   1  12  23  34  45  56  67  78  89 100 111   1  12  23  34  45  56  67  78  89 100 111 
 13  48  19   5  65 119  95  25  83 111 112   4  52  71  76  20  18 113  17 100  90  81  85  16  87  42  62  80  72  89  68  37 118  82  98  64 106  47   6  78  46 114  30  27 109  86  29  14  61  67  24  70  63  93 120 108  73 102 116  56   2  26  96  38  10   9 117  69  50  45 101 103   8 104  21  31  40  36 105  34  79  59  41  49  32  53  84   3  39  23  57  15  74 115  43  75   7  91  94  12  35  92 107  60  54  97  51  58  28   1  13  48  19   5  65 119  95  25  83 111 
 14  75  82  59 100  69 119  93  92  78   3  42 104   4  56  58  86 115  37  34 113   9   5  70  12  47  53  16 103 111 102  97  27  15  89  36  20  38  48  67  91  64  49  81  45  25 108  60 114  23  80  31  71  26   1  14  75  82  59 100  69 119  93  92  78   3  42 104   4  56  58  86 115  37  34 113   9   5  70  12  47  53  16 103 111 102  97  27  15  89  36  20  38  48  67  91  64  49  81  45  25 108  60 114  23  80  31  71  26   1  14  75  82  59 100  69 119  93  92  78 
 15 104 108  47 100  48 115  31 102  78  81   5  75  36  56 114  16 119  91  34  26  27  42  25  12  59  38  86  80 111  92  49   9  14  89   4  60  53  69  67  37  71  97   3  45  70  82  20  58  23 103  93  64 113   1  15 104 108  47 100  48 115  31 102  78  81   5  75  36  56 114  16 119  91  34  26  27  42  25  12  59  38  86  80 111  92  49   9  14  89   4  60  53  69  67  37  71  97   3  45  70  82  20  58  23 103  93  64 113   1  15 104 108  47 100  48 115  31 102  78 
 16  14 103  75 111  82 102  59  97 100  27  69  15 119  89  93  36  92  20  78  38   3  48  42  67 104  91   4  64  56  49  58  81  86  45 115  25  37 108  34  60 113 114   9  23   5  80  70  31  12  71  47  26  53   1  16  14 103  75 111  82 102  59  97 100  27  69  15 119  89  93  36  92  20  78  38   3  48  42  67 104  91   4  64  56  49  58  81  86  45 115  25  37 108  34  60 113 114   9  23   5  80  70  31  12  71  47  26  53   1  16  14 103  75 111  82 102  59  97 100 
 17  47  73  31  43   5  85 114   2  34  94  25  62  86  10  49 107   4  68  67  50   3  51  20  98  93   8  15  13 100   6 102  40  75  65  16  30  26  79  12  83  80  29   9  32  60  52  37  24  45  39  58  18  64 120 104  74  48  90  78 116  36   7 119  87  27  96  59  35 111  72  14 117  53  54  71 118  70 101  23  28 113 106 108  21 115  19  81  46  56 105  91  95  42 109  38  41  92 112  89  61  69  84  97  76  82  63 103  57   1  17  47  73  31  43   5  85 114   2  34 
 18  82  24  69  32  92  83  42  30  56  40 115  13 113  98  70  50  53 107 111  62  27   2  36  43  48  17  64  63  45  84  60 112  80 109  26 105  75  19 100 106  93 101   3  54   4  72  86  96  34   7   5  90  47 120 103  39  97  52  89  29  38  79  91  65  81   6 108   8  23  51  71  68  14  10  59  94 119  85  78  73 104  57  58  76  37  61   9  41  12  95  16  46 102  21  15  28  20 118  67 117  49  35  25  87 114 116  31  74   1  18  82  24  69  32  92  83  42  30  56 
 19 119  83   4  76 113  90  16  62  89 118  64   6 114 109  14  24  93  73  56  96   9  50 103  21  36  79  49  84  23  74  75  94  92  54  58  13   5  95 111  52  20  17  81  87  80  68  82 106  78  30  86  61  70 120 102   2  38 117  45   8  31 105  59  32   3  57 115   7  12 107  97  28  48  65  25 112  71  18 100  85  42  72  37  98  47  46  27  29  67  63 108 116  26  10  69 101 104  40  34  41  53  39  15  43  91  35  60  51   1  19 119  83   4  76 113  90  16  62  89 
 20  37  14  38  34  75  48 113  82  67   9  59  91   5 100  64  70  69  49  12 119  81  47  93  45  53  92  25  16  78 108 103   3  60 111  42 114 102 104  23  97   4  80  27  56  31  15  58  71  89  86  26  36 115   1  20  37  14  38  34  75  48 113  82  67   9  59  91   5 100  64  70  69  49  12 119  81  47  93  45  53  92  25  16  78 108 103   3  60 111  42 114 102 104  23  97   4  80  27  56  31  15  58  71  89  86  26  36 115   1  20  37  14  38  34  75  48 113  82  67 
 21  78  65  34 109 111  32  67  76  23 120 100  43  56  87  12  10  89  54  45  98   1  21  78  65  34 109 111  32  67  76  23 120 100  43  56  87  12  10  89  54  45  98   1  21  78  65  34 109 111  32  67  76  23 120 100  43  56  87  12  10  89  54  45  98   1  21  78  65  34 109 111  32  67  76  23 120 100  43  56  87  12  10  89  54  45  98   1  21  78  65  34 109 111  32  67  76  23 120 100  43  56  87  12  10  89  54  45  98   1  21  78  65  34 109 111  32  67  76  23 
 23  45  67  89 111  12  34  56  78 100   1  23  45  67  89 111  12  34  56  78 100   1  23  45  67  89 111  12  34  56  78 100   1  23  45  67  89 111  12  34  56  78 100   1  23  45  67  89 111  12  34  56  78 100   1  23  45  67  89 111  12  34  56  78 100   1  23  45  67  89 111  12  34  56  78 100   1  23  45  67  89 111  12  34  56  78 100   1  23  45  67  89 111  12  34  56  78 100   1  23  45  67  89 111  12  34  56  78 100   1  23  45  67  89 111  12  34  56  78 100 
 24  92  30 115  98  53  62  36  17  45 112  26  19  93  54  86   7  47  39  89  79  81   8  71  10 119  73  58  61  12  46  15 118  49  87  31  18  69  83  56  13  70 107  27  43  64  84  80 105 100 101   4  96   5 120  97  29  91   6  23  68  59  85 104  76   9  95 102  28  67  35 114  74  82  32  42  40 113  50 111   2  48  63  60 109  75 106   3  72  34  90 103  52  38  65 108  51  14  94  78  57  37  41  16  21  20 117  25 116   1  24  92  30 115  98  53  62  36  17  45 
 25  20  16  37  78  14 108  38 103  34   3  75  60  48 111 113  42  82 114  67 102   9 104  59  23  91  97   5   4 100  80  64  27  70  56  69  31  49  15  12  58 119  71  81  89  47  86  93  26  45  36  53 115  92   1  25  20  16  37  78  14 108  38 103  34   3  75  60  48 111 113  42  82 114  67 102   9 104  59  23  91  97   5   4 100  80  64  27  70  56  69  31  49  15  12  58 119  71  81  89  47  86  93  26  45  36  53 115  92   1  25  20  16  37  78  14 108  38 103  34 
 26  71  31  80  23 114  60 108  25  45  81  49  64  91  67  48  38  20  36  89  15  27  97 102 111 103  16  53  47  12  70   5   9 113  34  37 115  86  58  56   4 104  42   3  78  92  93 119  69 100  59  82  75  14   1  26  71  31  80  23 114  60 108  25  45  81  49  64  91  67  48  38  20  36  89  15  27  97 102 111 103  16  53  47  12  70   5   9 113  34  37 115  86  58  56   4 104  42   3  78  92  93 119  69 100  59  82  75  14   1  26  71  31  80  23 114  60 108  25  45 
 27   3  81   9   1  27   3  81   9   1  27   3  81   9   1  27   3  81   9   1  27   3  81   9   1  27   3  81   9   1  27   3  81   9   1  27   3  81   9   1  27   3  81   9   1  27   3  81   9   1  27   3  81   9   1  27   3  81   9   1  27   3  81   9   1  27   3  81   9   1  27   3  81   9   1  27   3  81   9   1  27   3  81   9   1  27   3  81   9   1  27   3  81   9   1  27   3  81   9   1  27   3  81   9   1  27   3  81   9   1  27   3  81   9   1  27   3  81   9   1 
 28  58  51  97  54  60 107  92  35  12  94  91   7  75  43 115  74  15  57  23  39   3  84  53  32  49  41  59  79  34 105  36  40  31  21 104   8 103 101  45  50  69 117   9  10  38  96  26   2  56 116 102  73 108 120  93  63  70  24  67  61  14  29  86 109  27  30 114  46  78   6  47 106  64  98  82 118  37  68  89  72  80  62  42  87  16  85  81  90 100  17 113  18  20  76  71  52   4 112 111  83  25  95 119  65   5  19  48  13   1  28  58  51  97  54  60 107  92  35  12 
 29 115  68  36  76  26  28  86  74  89  40  71   2  58 109  15  72  31  52  56  51  27  57  80  21   4 116  97  30  23  62 104 112 102  54 114  39  42   8 111  73  60  46   3  87 103  83 108 107  78  84  16 101  25 120  92   6  53  85  45  95  93  35  47  32  81  50 119  63  12 106  49  90  69  65  70  94  64  41 100 117   5  24  91  98  59  17   9  19  67   7  82  79 113  10  48  61  75 118  34  18  38  13  14  43  37 105  20  96   1  29 115  68  36  76  26  28  86  74  89 
 30  53  17  26  54  47  79  71  73  12 118  31  83  70  43  80 101   5  29  23  85   9  28 114  32 113   2  60 106  34  52 108  94  37  21  25  24 115  62  45  19  86  39  81  10  58  46  49  18  56 107  64 105   4 120  91  68 104  95  67  74  42  50  48 109   3  90  38  51  78  41  20 116  92  98  36 112  93   7  89   8 119  61  15  87  69  13  27  84 100  96  97   6  59  76 102  35  82  40 111  63  75  72 103  65  14  57  16 117   1  30  53  17  26  54  47  79  71  73  12 
 31 114  25  49  67  20  15 102  16  12   9  37  58 104  78 119  59  14  71  23 108  81  91  38  89  97 103  47   5  34  86   4   3  93 100  75  26  80  60  45  64  48  36  27 111  53  70 113 115  56  42  92  69  82   1  31 114  25  49  67  20  15 102  16  12   9  37  58 104  78 119  59  14  71  23 108  81  91  38  89  97 103  47   5  34  86   4   3  93 100  75  26  80  60  45  64  48  36  27 111  53  70 113 115  56  42  92  69  82   1  31 114  25  49  67  20  15 102  16  12 
 32  56  98 111  43  45 109 100  54  34 120  89  65  23  10  78  76  12  21  67  87   1  32  56  98 111  43  45 109 100  54  34 120  89  65  23  10  78  76  12  21  67  87   1  32  56  98 111  43  45 109 100  54  34 120  89  65  23  10  78  76  12  21  67  87   1  32  56  98 111  43  45 109 100  54  34 120  89  65  23  10  78  76  12  21  67  87   1  32  56  98 111  43  45 109 100  54  34 120  89  65  23  10  78  76  12  21  67  87   1  32  56  98 111  43  45 109 100  54  34 
 34  67 100  12  45  78 111  23  56  89   1  34  67 100  12  45  78 111  23  56  89   1  34  67 100  12  45  78 111  23  56  89   1  34  67 100  12  45  78 111  23  56  89   1  34  67 100  12  45  78 111  23  56  89   1  34  67 100  12  45  78 111  23  56  89   1  34  67 100  12  45  78 111  23  56  89   1  34  67 100  12  45  78 111  23  56  89   1  34  67 100  12  45  78 111  23  56  89   1  34  67 100  12  45  78 111  23  56  89   1  34  67 100  12  45  78 111  23  56  89 
 35  15  41 104  10 108  29  47  72 100 112  48 107 115  32  31 117 102  61  78  68  81  52   5  54  75  84  36  50  56  24 114 118  16  76 119  51  91  39  34 101  26  63  27  98  42  18  25  28  12  57  59   8  38 120  86 106  80  17 111  13  92  74  49  21   9  73  14   6  89  90   4  19  60  43  53  40  69 116  67  46  37  85  71  65  97   7   3 105  45   2  70  30  82  87  20  95  58  94  23  79 103  96  93 109  64  62 113  83   1  35  15  41 104  10 108  29  47  72 100 
 36  86  71  15  56  80  97 104 114 111   3 108  16  92  45  47 119  49  70 100  91   9  82  48  34  14  20 115  26  89  58  31  27   4  23 102  42  60 103  78  25  53  93  81  12  69  64   5  59  67 113  75  38  37   1  36  86  71  15  56  80  97 104 114 111   3 108  16  92  45  47 119  49  70 100  91   9  82  48  34  14  20 115  26  89  58  31  27   4  23 102  42  60 103  78  25  53  93  81  12  69  64   5  59  67 113  75  38  37   1  36  86  71  15  56  80  97 104 114 111 
 37  38  75 113  67  59   5  64  69  12  81  93  53  25  78 103  60  42 102  23   4  27  31  58  89  26 115  20  14  34  48  82   9  91 100  70  49 119  47  45  92  16 108   3 111 114 104  97  80  56  15  71  86  36   1  37  38  75 113  67  59   5  64  69  12  81  93  53  25  78 103  60  42 102  23   4  27  31  58  89  26 115  20  14  34  48  82   9  91 100  70  49 119  47  45  92  16 108   3 111 114 104  97  80  56  15  71  86  36   1  37  38  75 113  67  59   5  64  69  12 
 38 113  59  64  12  93  25 103  42  23  27  58  26  20  34  82  91  70 119  45  16   3 114  97  56  71  36  37  75  67   5  69  81  53  78  60 102   4  31  89 115  14  48   9 100  49  47  92 108 111 104  80  15  86   1  38 113  59  64  12  93  25 103  42  23  27  58  26  20  34  82  91  70 119  45  16   3 114  97  56  71  36  37  75  67   5  69  81  53  78  60 102   4  31  89 115  14  48   9 100  49  47  92 108 111 104  80  15  86   1  38 113  59  64  12  93  25 103  42  23 
 39  69  29  42  65 115   8  70  68 111  94  36  73  64  76  60  41  26  46 100  28   3 117  86  87   5  74 103  24  89  83  91  40 108  98  71 107  59   2  78  17  58  84   9 109  16  19  15 101  67  72  25   7  31 120  82  52  92  79  56   6 113  51  53  10  27  85  48  57  45  61  80  95  75  21  93 118   4  35  34 116  47  18  97  32  38  30  81  13  23  50  14  62 119  43 104  63  37 112  12 105 102 106  20  54  49  96 114  90   1  39  69  29  42  65 115   8  70  68 111 
 40  27 112   3 120  81  94   9 118   1  40  27 112   3 120  81  94   9 118   1  40  27 112   3 120  81  94   9 118   1  40  27 112   3 120  81  94   9 118   1  40  27 112   3 120  81  94   9 118   1  40  27 112   3 120  81  94   9 118   1  40  27 112   3 120  81  94   9 118   1  40  27 112   3 120  81  94   9 118   1  40  27 112   3 120  81  94   9 118   1  40  27 112   3 120  81  94   9 118   1  40  27 112   3 120  81  94   9 118   1  40  27 112   3 120  81  94   9 118   1 
 41 108  72  48  32 102  68   5  84  56 118 119  39  26  98  25  57  38 106 111  74   9   6   4  43  69  46  71   7  45  30  20  94 103 109 113  35 104  29 100 107  31  61  81  54  36  24  16  51  34  63  42  28  59 120  80  13  49  73  89  19  53 116  37  65   3   2  82  95  23  96  64  83  15  10  47 112 115 117  78  52  75  50 114  76  91 101  27  18  12   8  86  17  92  21  14  90  60  40  67  85  97 105  70  87  58  79  93  62   1  41 108  72  48  32 102  68   5  84  56 
 42  70  36  60 100  86 103  91  71  78   9  15  25  82  56  53  48  80  93  34  97  81  14 104  12  20 114  69 115 111  64  26   3   5  89 108  59  58  16  67  31  92 113  27  45  75   4  47  38  23 119  37 102  49   1  42  70  36  60 100  86 103  91  71  78   9  15  25  82  56  53  48  80  93  34  97  81  14 104  12  20 114  69 115 111  64  26   3   5  89 108  59  58  16  67  31  92 113  27  45  75   4  47  38  23 119  37 102  49   1  42  70  36  60 100  86 103  91  71  78 
 43  34  10  67  98 100  65  12  32  45 120  78  87 111  54  23  21  56 109  89  76   1  43  34  10  67  98 100  65  12  32  45 120  78  87 111  54  23  21  56 109  89  76   1  43  34  10  67  98 100  65  12  32  45 120  78  87 111  54  23  21  56 109  89  76   1  43  34  10  67  98 100  65  12  32  45 120  78  87 111  54  23  21  56 109  89  76   1  43  34  10  67  98 100  65  12  32  45 120  78  87 111  54  23  21  56 109  89  76   1  43  34  10  67  98 100  65  12  32  45 
 45  89  12  56 100  23  67 111  34  78   1  45  89  12  56 100  23  67 111  34  78   1  45  89  12  56 100  23  67 111  34  78   1  45  89  12  56 100  23  67 111  34  78   1  45  89  12  56 100  23  67 111  34  78   1  45  89  12  56 100  23  67 111  34  78   1  45  89  12  56 100  23  67 111  34  78   1  45  89  12  56 100  23  67 111  34  78   1  45  89  12  56 100  23  67 111  34  78   1  45  89  12  56 100  23  67 111  34  78   1  45  89  12  56 100  23  67 111  34  78 
 46  59  52  93  43  42 117  58   6  34 112  70  74  16  10  97 106  36  83  67  57  81  96  60  98  31  95  14  39 100   2  92 118 104  65  86  84 113 116  12  68 103  19  27  32  20  73  91  72  45  13 114  41  71 120  75  62  69  28  78  79   4  63 115  87   9  51  47 105 111  24  15  85  38  54  64  40  25  61  23  90  26 107  82  21 119  29   3  17  56  35  37   8   5 109  53  18 102  94  89 101  48  30  49  76 108   7  80  50   1  46  59  52  93  43  42 117  58   6  34 
 47  31   5 114  34  25  86  49   4  67   3  20  93  15 100 102  75  16  26  12  80   9  60  37  45  58  64 104  48  78  36 119  27  59 111  14  53  71  70  23 113 108 115  81  56  91  42  38  92  89  69  97  82 103   1  47  31   5 114  34  25  86  49   4  67   3  20  93  15 100 102  75  16  26  12  80   9  60  37  45  58  64 104  48  78  36 119  27  59 111  14  53  71  70  23 113 108 115  81  56  91  42  38  92  89  69  97  82 103   1  47  31   5 114  34  25  86  49   4  67 
 48   5 119  25 111   4  71  20 113 100  81  16  42  80  89  37  82  64  47  78 114  27  86  14  67  70  93 108 102  56  26  38   9  69  45 103 104  31  36  34  59  49  53   3  23  15 115  75  91  12  92  60  97  58   1  48   5 119  25 111   4  71  20 113 100  81  16  42  80  89  37  82  64  47  78 114  27  86  14  67  70  93 108 102  56  26  38   9  69  45 103 104  31  36  34  59  49  53   3  23  15 115  75  91  12  92  60  97  58   1  48   5 119  25 111   4  71  20 113 100 
 49 102  37 119  23  38  47   4  75  45  27 113  92  31  67  16  58  59 108  89   5   3  26  64 111 115  69 114  20  12 104  14  81  97  34  93  80  48  53  56  82  25  15   9  78  71  91 103  86 100  60  36  70  42   1  49 102  37 119  23  38  47   4  75  45  27 113  92  31  67  16  58  59 108  89   5   3  26  64 111 115  69 114  20  12 104  14  81  97  34  93  80  48  53  56  82  25  15   9  78  71  91 103  86 100  60  36  70  42   1  49 102  37 119  23  38  47   4  75  45 
 50  80   7 108  76  49  30  48 101  89  94 102  18  53 109   5   8  37  35  56  17   3  29 119  21  82 107  26  90  23  61  25  40  64  54  38  85  15  24 111 105  47  51   9  87 115  63   4  79  78  28  69  62  75 120  71  41 114  13  45  72  91  73  20  32  27  19 103  68  12 116 113  84  86  65 104 118  92   2 100  39  14  95  31  98  60  96  81  57  67  83  36 106  97  10  16  74  70 112  34   6  58 117  42  43  93  52  59  46   1  50  80   7 108  76  49  30  48 101  89 
 51  60  35  91  43  15  39  53  41  34  40 104 101  69  10  26 116 108  63  67  29  27  46  47  98  37  72  42  85 100  18  71 112  25  65  48  28  97 107  12   7 115  57   3  32  59 105  31   8  45 117  38   2 102 120  70  61  86  30  78 106  82  68  80  87  81  17  20  52 111  95   5  13  58  54  92  94  75  74  23  84  49  79  36  21 103  50   9  96  56  73  93  24  14 109 114   6  64 118  89  62  16  90 113  76   4  83 119  19   1  51  60  35  91  43  15  39  53  41  34 
 52  42   6  70  10  36  57  60  95 100 118  86 116 103  32  91  13  71  62  78  63   9 105  15  54  25  90  82  29  56   8  53  94  48  76  80  46  93 117  34  74  97  83  81  98  14   2 104  84  12  19  20  72 114 120  69  79 115  51 111  85  64  61  26  21   3  35   5  18  89  30 108  50  59  43  58 112  16 106  67  96  31  39  92  65 113  68  27  73  45  41  75  28   4  87  47  24  38  40  23 107 119  17  37 109 102 101  49   7   1  52  42   6  70  10  36  57  60  95 100 
 53  26  47  71  12  31  70  80   5  23   9 114 113  60  34 108  37  25 115  45  86  81  58  49  56  64   4  91 104  67  42  48   3  38  78  20  92  36  93  89 119  15  69  27 100  97  59 102  82 111  75 103  14  16   1  53  26  47  71  12  31  70  80   5  23   9 114 113  60  34 108  37  25 115  45  86  81  58  49  56  64   4  91 104  67  42  48   3  38  78  20  92  36  93  89 119  15  69  27 100  97  59 102  82 111  75 103  14  16   1  53  26  47  71  12  31  70  80   5  23 
 54  12  43  23  32  34  21  45  10  56 120  67 109  78  98  89  87 100  76 111  65   1  54  12  43  23  32  34  21  45  10  56 120  67 109  78  98  89  87 100  76 111  65   1  54  12  43  23  32  34  21  45  10  56 120  67 109  78  98  89  87 100  76 111  65   1  54  12  43  23  32  34  21  45  10  56 120  67 109  78  98  89  87 100  76 111  65   1  54  12  43  23  32  34  21  45  10  56 120  67 109  78  98  89  87 100  76 111  65   1  54  12  43  23  32  34  21  45  10  56 
 56 111  45 100  34  89  23  78  12  67   1  56 111  45 100  34  89  23  78  12  67   1  56 111  45 100  34  89  23  78  12  67   1  56 111  45 100  34  89  23  78  12  67   1  56 111  45 100  34  89  23  78  12  67   1  56 111  45 100  34  89  23  78  12  67   1  56 111  45 100  34  89  23  78  12  67   1  56 111  45 100  34  89  23  78  12  67   1  56 111  45 100  34  89  23  78  12  67   1  56 111  45 100  34  89  23  78  12  67   1  56 111  45 100  34  89  23  78  12  67 
 57 103  63  82  76  97  84  69  61  89 112  92  41  38 109  42  95  91 105  56  46  81  19 115  21 108 106 113  28  23 101  70 118  71  54  53 117  14  72 111  35  59  96  27  87 119   7  36 116  78  90  48  74 104 120  64  18  58  39  45  24  37  52  60  32   9  29  80  83  12  79  26  30  16  65  75  40 102   6 100  13  15   8  93  98  20  51   3  50  67  68   4 107  49  10  86  62  25  94  34   2 114  85   5  43  31  73  47  17   1  57 103  63  82  76  97  84  69  61  89 
 58  97  60  92  12  91  75 115  15  23   3  53  49  59  34  36  31 104 103  45  69   9  38  26  56 102 108  93  70  67  14  86  27 114  78  47  64  82  37  89  80  42  16  81 100 113  20  71   4 111  25 119   5  48   1  58  97  60  92  12  91  75 115  15  23   3  53  49  59  34  36  31 104 103  45  69   9  38  26  56 102 108  93  70  67  14  86  27 114  78  47  64  82  37  89  80  42  16  81 100 113  20  71   4 111  25 119   5  48   1  58  97  60  92  12  91  75 115  15  23 
 59  93  42  58  34  70  16  97  36  67  81  60  31  14 100  92 104  86 113  12 103  27  20  91  45 114  71  75  69  78   4 115   9  47 111  15  38  64  25  23  26  82 119   3  56  37   5  53 102  89  48  49 108  80   1  59  93  42  58  34  70  16  97  36  67  81  60  31  14 100  92 104  86 113  12 103  27  20  91  45 114  71  75  69  78   4 115   9  47 111  15  38  64  25  23  26  82 119   3  56  37   5  53 102  89  48  49 108  80   1  59  93  42  58  34  70  16  97  36  67 
 60  91  15  53  34 104  69  26 108  67  27  47  37  42 100  71  25  48  97  12 115   3  59  31  45  38 102  70  86  78  82  80  81  20 111   5  58  92  75  23  49  36 103   9  56  93  14 114  64  89  16 113   4 119   1  60  91  15  53  34 104  69  26 108  67  27  47  37  42 100  71  25  48  97  12 115   3  59  31  45  38 102  70  86  78  82  80  81  20 111   5  58  92  75  23  49  36 103   9  56  93  14 114  64  89  16 113   4 119   1  60  91  15  53  34 104  69  26 108  67 
 61  91 106  53  87 104  52  26  13  67  94  47  84  42  21  71  96  48  24  12   6   3  62  31  76  38  19  70  35  78  39  80  40  20  10   5  63  92  46  23  72  36  18   9  65  93 107 114  57  89 105 113 117 119 120  60  30  15  68  34  17  69  95 108  54  27  74  37  79 100  50  25  73  97 109 115 118  59  90  45  83 102  51  86  43  82  41  81 101 111 116  58  29  75  98  49  85 103 112  56  28  14   7  64  32  16   8   4   2   1  61  91 106  53  87 104  52  26  13  67 
 62  93  79  58  87  70 105  97  85  67  40  60  90  14  21  92  17  86   8  12  18  27 101  91  76 114  50  75  52  78 117 115 112  47  10  15  83  64  96  23  95  82   2   3  65  37 116  53  19  89  73  49  13  80 120  59  28  42  63  34  51  16  24  36  54  81  61  31 107 100  29 104  35 113 109 103  94  20  30  45   7  71  46  69  43   4   6   9  74 111 106  38  57  25  98  26  39 119 118  56  84   5  68 102  32  48  72 108  41   1  62  93  79  58  87  70 105  97  85  67 
 63  97  61  92 109  91  46 115 106  23 118  53  72  59  87  36  90 104  18  45  52   9  83  26  65 102  13  93  51  67 107  86  94 114  43  47  57  82  84  89  41  42 105  81  21 113 101  71 117 111  96 119 116  48 120  58  24  60  29  12  30  75   6  15  98   3  68  49  62  34  85  31  17 103  76  69 112  38  95  56  19 108  28  70  54  14  35  27   7  78  74  64  39  37  32  80  79  16  40 100   8  20  50   4  10  25   2   5  73   1  63  97  61  92 109  91  46 115 106  23 
 64 103  58  82  45  97  37  69  60  89   9  92  80  38  12  42  26  91  16  56  75  81 102 115 100 108  15 113  93  23  20  70   3  71  67  53   4  14  49 111  86  59  25  27  34 119 114  36   5  78  31  48  47 104   1  64 103  58  82  45  97  37  69  60  89   9  92  80  38  12  42  26  91  16  56  75  81 102 115 100 108  15 113  93  23  20  70   3  71  67  53   4  14  49 111  86  59  25  27  34 119 114  36   5  78  31  48  47 104   1  64 103  58  82  45  97  37  69  60  89 
 65 111  76 100  87  89  98  78 109  67 120  56  10  45  21  34  32  23  43  12  54   1  65 111  76 100  87  89  98  78 109  67 120  56  10  45  21  34  32  23  43  12  54   1  65 111  76 100  87  89  98  78 109  67 120  56  10  45  21  34  32  23  43  12  54   1  65 111  76 100  87  89  98  78 109  67 120  56  10  45  21  34  32  23  43  12  54   1  65 111  76 100  87  89  98  78 109  67 120  56  10  45  21  34  32  23  43  12  54   1  65 111  76 100  87  89  98  78 109  67 
 67  12  78  23  89  34 100  45 111  56   1  67  12  78  23  89  34 100  45 111  56   1  67  12  78  23  89  34 100  45 111  56   1  67  12  78  23  89  34 100  45 111  56   1  67  12  78  23  89  34 100  45 111  56   1  67  12  78  23  89  34 100  45 111  56   1  67  12  78  23  89  34 100  45 111  56   1  67  12  78  23  89  34 100  45 111  56   1  67  12  78  23  89  34 100  45 111  56   1  67  12  78  23  89  34 100  45 111  56   1  67  12  78  23  89  34 100  45 111  56 
 68  26  74  71 109  31  51  80 116  23 112 114   8  60  87 108  84  25   6  45  35  81  63  49  65  64 117  91  17  67  79  48 118  38  43  20  29  36  28  89   2  15  52  27  21  97  62 102  39 111  46 103 107  16 120  53  95  47  50  12  90  70  41   5  98   9   7 113  61  34  13  37  96 115  76  86  40  58  72  56  57   4  30 104  54  42  73   3  83  78 101  92  85  93  32 119 106  69  94 100  24  59  19  82  10  75  18  14 105   1  68  26  74  71 109  31  51  80 116  23 
 69  42 115  70 111  36  64  60  26 100   3  86   5 103  89  91 108  71  59  78  58   9  16  15  67  25  31  82  92  56 113  53  27  48  45  80  75  93   4  34  47  97  38  81  23  14 119 104  37  12 102  20  49 114   1  69  42 115  70 111  36  64  60  26 100   3  86   5 103  89  91 108  71  59  78  58   9  16  15  67  25  31  82  92  56 113  53  27  48  45  80  75  93   4  34  47  97  38  81  23  14 119 104  37  12 102  20  49 114   1  69  42 115  70 111  36  64  60  26 100 
 70  60  86  91  78  15  82  53  80  34  81 104  20  69 111  26   5 108  58  67  92  27  75  47  23  37  49  42  36 100 103  71   9  25  56  48  93  97  14  12 114 115  64   3  89  59  16  31 113  45   4  38 119 102   1  70  60  86  91  78  15  82  53  80  34  81 104  20  69 111  26   5 108  58  67  92  27  75  47  23  37  49  42  36 100 103  71   9  25  56  48  93  97  14  12 114 115  64   3  89  59  16  31 113  45   4  38 119 102   1  70  60  86  91  78  15  82  53  80  34 
 71  80 114 108  45  49  91  48  20  89  27 102 103  53  12   5 113  37  86  56 104   3  92 119 100  82  14  26  31  23  60  25  81  64  67  38  36  15  97 111  16  47  70   9  34 115  58   4  42  78  93  69  59  75   1  71  80 114 108  45  49  91  48  20  89  27 102 103  53  12   5 113  37  86  56 104   3  92 119 100  82  14  26  31  23  60  25  81  64  67  38  36  15  97 111  16  47  70   9  34 115  58   4  42  78  93  69  59  75   1  71  80 114 108  45  49  91  48  20  89 
 72 102  84 119  98  38  74   4  46  45  94 113  29  31  54  16  63  59  13  89 116   3  95  64  10 115  52 114 101  12  17  14  40  97  87  93  41  48  68  56  39  25 106   9  43  71  30 103  35 100  61  36  51  42 120  49  19  37   2  23  83  47 117  75  76  27   8  92  90  67 105  58  62 108  32   5 118  26  57 111   6  69   7  20 109 104 107  81  24  34  28  80  73  53  65  82  96  15 112  78  50  91  18  86  21  60  85  70  79   1  72 102  84 119  98  38  74   4  46  45 
 73   5   2  25  10   4  50  20   8 100  40  16  79  80  32  37  39  64  74  78   7  27  35  14  54  70  28 108  19  56  95  38 112  69  76 103  17  31  85  34  62  49  68   3  98  15   6  75  30  12  29  60  24  58 120  48 116 119  96 111 117  71 101 113  21  81 105  42  41  89  84  82  57  47  43 114  94  86 107  67  51  93  13 102  65  26  83   9  52  45  18 104  90  36  87  59  72  53 118  23 106 115  46  91 109  92  61  97  63   1  73   5   2  25  10   4  50  20   8 100 
 74  31 116 114  87  25  35  49 117  67 118  20  28  15  21 102  46  16  95  12  41   9  61  37  76  58  57 104  73  78  85 119  94  59  10  14  68  71  51  23   8 108   6  81  65  91  79  38  29  89  52  97  39 103 120  47  90   5   7  34  96  86  72   4  54   3 101  93 106 100  19  75 105  26 109  80 112  60  84  45  63  64  17  48  43  36   2  27  62 111 107  53  50  70  98 113  13 115  40  56  30  42  83  92  32  69  24  82  18   1  74  31 116 114  87  25  35  49 117  67 
 75  59  69  93  78  42   4  58 115  34   9  70  47  16 111  97  15  36  38  67  64  81  25  60  23  31  26  14  82 100 119  92   3 104  56  86  37 113   5  12  53 103 102  27  89  20  48  91  49  45 108 114  80  71   1  75  59  69  93  78  42   4  58 115  34   9  70  47  16 111  97  15  36  38  67  64  81  25  60  23  31  26  14  82 100 119  92   3 104  56  86  37 113   5  12  53 103 102  27  89  20  48  91  49  45 108 114  80  71   1  75  59  69  93  78  42   4  58 115  34 
 76  89 109  56  21  23  54 111  87  78 120  45  32  12  65 100  98  67  10  34  43   1  76  89 109  56  21  23  54 111  87  78 120  45  32  12  65 100  98  67  10  34  43   1  76  89 109  56  21  23  54 111  87  78 120  45  32  12  65 100  98  67  10  34  43   1  76  89 109  56  21  23  54 111  87  78 120  45  32  12  65 100  98  67  10  34  43   1  76  89 109  56  21  23  54 111  87  78 120  45  32  12  65 100  98  67  10  34  43   1  76  89 109  56  21  23  54 111  87  78 
 78  34 111  67  23 100  56  12  89  45   1  78  34 111  67  23 100  56  12  89  45   1  78  34 111  67  23 100  56  12  89  45   1  78  34 111  67  23 100  56  12  89  45   1  78  34 111  67  23 100  56  12  89  45   1  78  34 111  67  23 100  56  12  89  45   1  78  34 111  67  23 100  56  12  89  45   1  78  34 111  67  23 100  56  12  89  45   1  78  34 111  67  23 100  56  12  89  45   1  78  34 111  67  23 100  56  12  89  45   1  78  34 111  67  23 100  56  12  89  45 
 79  70  85  60  21  86  18  91  50  78 112  15  96  82  65  53  73  80  28  34  24  81 107 104 109  20   7  69   6 111  57  26 118   5  32 108  62  58 105  67  90  92   8  27  76  75 117  47  83  23   2  37  19  49 120  42  51  36  61 100  35 103  30  71  43   9 106  25  39  56  68  48  41  93  87  97  40  14  17  12 101 114  52 115  10  64  95   3 116  89  13  59  63  16  54  31  29 113  94  45  46   4  74  38  98 119  84 102  72   1  79  70  85  60  21  86  18  91  50  78 
 80 108  49  48  89 102  53   5  37  56   3 119  82  26  23  25  64  38  15 111  47   9 115   4  78  69  75  71 114  45  91  20  27 103  12 113  86 104  92 100  14  31  60  81  67  36  97  16  70  34  58  42  93  59   1  80 108  49  48  89 102  53   5  37  56   3 119  82  26  23  25  64  38  15 111  47   9 115   4  78  69  75  71 114  45  91  20  27 103  12 113  86 104  92 100  14  31  60  81  67  36  97  16  70  34  58  42  93  59   1  80 108  49  48  89 102  53   5  37  56 
 81  27   9   3   1  81  27   9   3   1  81  27   9   3   1  81  27   9   3   1  81  27   9   3   1  81  27   9   3   1  81  27   9   3   1  81  27   9   3   1  81  27   9   3   1  81  27   9   3   1  81  27   9   3   1  81  27   9   3   1  81  27   9   3   1  81  27   9   3   1  81  27   9   3   1  81  27   9   3   1  81  27   9   3   1  81  27   9   3   1  81  27   9   3   1  81  27   9   3   1  81  27   9   3   1  81  27   9   3   1  81  27   9   3   1  81  27   9   3   1 
 82  69  92  42  56 115 113  70  53 111  27  36  48  64  45  60  80  26  75 100  93   3   4  86  34   5  47 103  97  89  38  91  81 108  23  71  14  59 119  78 104  58  37   9  12  16 102  15  20  67  49  25 114  31   1  82  69  92  42  56 115 113  70  53 111  27  36  48  64  45  60  80  26  75 100  93   3   4  86  34   5  47 103  97  89  38  91  81 108  23  71  14  59 119  78 104  58  37   9  12  16 102  15  20  67  49  25 114  31   1  82  69  92  42  56 115 113  70  53 111 
 83 113  62  64 109  93  96 103  79  23  94  58  95  20  87  82  30  70   2  45 105   3   7  97  65  71  85  37  46  67 116  69  40  53  43  60  19   4  90  89   6  14  73   9  21  49  74  92  13 111  17  80 106  86 120  38   8  59  57  12  28  25  18  42  98  27  63  26 101  34  39  91  51 119  76  16 118 114  24  56  50  36  84  75  54   5  52  81  68  78  61 102 117  31  32 115 107  48 112 100  72  47  29 108  10 104  41  15  35   1  83 113  62  64 109  93  96 103  79  23 
 84  38  46 113  54  59 116  64  52  12  40  93  68  25  43 103  61  42  19  23 117  27  90  58  32  26   6  20 107  34  73  82 112  91  21  70  72 119  74  45  29  16  13   3  10 114  17  97  41  56 106  71  35  36 120  37  83  75   8  67  62   5  57  69 109  81  28  53  96  78  18  60  79 102  98   4  94  31  63  89  95 115 101  14  87  48  39   9  30 100  51  49   2  47  76  92 105 108 118 111   7 104  24  80  65  15  50  86  85   1  84  38  46 113  54  59 116  64  52  12 
 85  86  50  15  65  80  24 104   7 111 118 108 105  92  76  47   2  49  51 100  30   9  39  48  87  14 101 115  95  89  63  31  94   4  98 102  79  60  18  78  96  53  28  81 109  69  57   5  62  67   8  75  83  37 120  36  35  71 106  56  41  97  17 114  10   3  13  16  29  45  74 119  72  70  21  91 112  82  73  34 107  20   6  26  32  58  90  27 117  23  19  42  61 103  43  25  68  93  40  12  52  64 116  59  54 113  46  38  84   1  85  86  50  15  65  80  24 104   7 111 
 86  15  80 104 111 108  92  47  49 100   9  48  14 115  89  31   4 102  60  78  53  81  69   5  67  75  37  36  71  56  97 114   3  16  45 119  70  91  82  34  20  26  58  27  23  42 103  25  93  12  64  59 113  38   1  86  15  80 104 111 108  92  47  49 100   9  48  14 115  89  31   4 102  60  78  53  81  69   5  67  75  37  36  71  56  97 114   3  16  45 119  70  91  82  34  20  26  58  27  23  42 103  25  93  12  64  59 113  38   1  86  15  80 104 111 108  92  47  49 100 
 87  67  21  12  76  78  10  23  65  89 120  34  54 100 109  45  43 111  98  56  32   1  87  67  21  12  76  78  10  23  65  89 120  34  54 100 109  45  43 111  98  56  32   1  87  67  21  12  76  78  10  23  65  89 120  34  54 100 109  45  43 111  98  56  32   1  87  67  21  12  76  78  10  23  65  89 120  34  54 100 109  45  43 111  98  56  32   1  87  67  21  12  76  78  10  23  65  89 120  34  54 100 109  45  43 111  98  56  32   1  87  67  21  12  76  78  10  23  65  89 
 89  56  23 111  78  45  12 100  67  34   1  89  56  23 111  78  45  12 100  67  34   1  89  56  23 111  78  45  12 100  67  34   1  89  56  23 111  78  45  12 100  67  34   1  89  56  23 111  78  45  12 100  67  34   1  89  56  23 111  78  45  12 100  67  34   1  89  56  23 111  78  45  12 100  67  34   1  89  56  23 111  78  45  12 100  67  34   1  89  56  23 111  78  45  12 100  67  34   1  89  56  23 111  78  45  12 100  67  34   1  89  56  23 111  78  45  12 100  67  34 
 90 114  96  49  54  20 106 102 105  12 112  37  63 104  43 119  62  14  50  23  13  81  30  38  32  97  18  47 116  34  35   4 118  93  21  75  95  80  61  45  57  48  85  27  10  53  51 113   6  56  79  92  52  82 120  31   7  25  72  67 101  15  19  16 109   9  84  58  17  78   2  59 107  71  98 108  40  91  83  89  24 103  74   5  87  86 117   3  28 100  46  26  41  60  76  64  73  36  94 111  68  70   8 115  65  42  29  69  39   1  90 114  96  49  54  20 106 102 105  12 
 91  53 104  26  67  47  42  71  48  12   3  31  38  70  78  80  20   5  92  23  36   9  93 114  89 113 119  60  15  34  69 108  27  37 100  25  97 115  59  45 102  86  82  81 111  58  75  49 103  56  14  64  16   4   1  91  53 104  26  67  47  42  71  48  12   3  31  38  70  78  80  20   5  92  23  36   9  93 114  89 113 119  60  15  34  69 108  27  37 100  25  97 115  59  45 102  86  82  81 111  58  75  49 103  56  14  64  16   4   1  91  53 104  26  67  47  42  71  48  12 
 92 115  53  36  45  26  93  86  47  89  81  71 119  58  12  15  49  31  69  56  70  27  64  80 100   4   5  97  91  23  59 104   9 102  67 114  82  42 113 111  48  60  75   3  34 103  38 108  14  78  37  16  20  25   1  92 115  53  36  45  26  93  86  47  89  81  71 119  58  12  15  49  31  69  56  70  27  64  80 100   4   5  97  91  23  59 104   9 102  67 114  82  42 113 111  48  60  75   3  34 103  38 108  14  78  37  16  20  25   1  92 115  53  36  45  26  93  86  47  89 
 93  58  70  97  67  60  14  92  86  12  27  91 114  75  78 115  47  15  64  23  82   3  37  53  89  49  80  59  42  34  16  36  81  31 100 104 113 103  20  45  71  69   4   9 111  38  25  26 119  56   5 102  48 108   1  93  58  70  97  67  60  14  92  86  12  27  91 114  75  78 115  47  15  64  23  82   3  37  53  89  49  80  59  42  34  16  36  81  31 100 104 113 103  20  45  71  69   4   9 111  38  25  26 119  56   5 102  48 108   1  93  58  70  97  67  60  14  92  86  12 
 94   3  40   9 120  27 118  81 112   1  94   3  40   9 120  27 118  81 112   1  94   3  40   9 120  27 118  81 112   1  94   3  40   9 120  27 118  81 112   1  94   3  40   9 120  27 118  81 112   1  94   3  40   9 120  27 118  81 112   1  94   3  40   9 120  27 118  81 112   1  94   3  40   9 120  27 118  81 112   1  94   3  40   9 120  27 118  81 112   1  94   3  40   9 120  27 118  81 112   1  94   3  40   9 120  27 118  81 112   1  94   3  40   9 120  27 118  81 112   1 
 95  71  90  80  98 114  61 108  96  45  40  49  57  91  54  48  83  20  85  89 106  27  24 102  10 103 105  53  74  12  51   5 112 113  87  37   6  86  63  56 117 104  79   3  43  92  28 119  52 100  62  82  46  14 120  26  50  31  41  23   7  60  13  25  76  81  72  64  30  67  73  38 101  36  32  15  94  97  19 111  18  16  68  47 109  70 116   9   8  34  84 115  35  58  65   4  17  42 118  78  29  93   2  69  21  59  39  75 107   1  95  71  90  80  98 114  61 108  96  45 
 96  20 105  37  43  14  13  38  18  34 118  75  61  48  10 113  79  82   7  67  19   9  17  59  98  91  24   5 117 100  41  64  94  70  65  69  90  49 106  12  63 119  50  81  32  47  35  93  95  45  85  53   6  92 120  25 101  16  84  78 107 108  83 103  87   3  46  60  73 111   8  42  39 114  54 102 112 104  62  23  30  97 116   4  21  80  57  27  51  56  52  31  72  15 109  58   2  71  40  89  74  86  28  26  76  36  68 115  29   1  96  20 105  37  43  14  13  38  18  34 
 97  92  91 115  23  53  59  36 104  45   9  26 102  93  67  86 114  47  82  89  42  81 113  71 111 119  48  58  60  12  75  15   3  49  34  31 103  69  38  56 108  70  14  27  78  64  37  80  16 100  20   4  25   5   1  97  92  91 115  23  53  59  36 104  45   9  26 102  93  67  86 114  47  82  89  42  81 113  71 111 119  48  58  60  12  75  15   3  49  34  31 103  69  38  56 108  70  14  27  78  64  37  80  16 100  20   4  25   5   1  97  92  91 115  23  53  59  36 104  45 
 98  45  54  89  10  12  87  56  43 100 120  23  76  67  32 111 109  34  65  78  21   1  98  45  54  89  10  12  87  56  43 100 120  23  76  67  32 111 109  34  65  78  21   1  98  45  54  89  10  12  87  56  43 100 120  23  76  67  32 111 109  34  65  78  21   1  98  45  54  89  10  12  87  56  43 100 120  23  76  67  32 111 109  34  65  78  21   1  98  45  54  89  10  12  87  56  43 100 120  23  76  67  32 111 109  34  65  78  21   1  98  45  54  89  10  12  87  56  43 100 
100  78  56  34  12 111  89  67  45  23   1 100  78  56  34  12 111  89  67  45  23   1 100  78  56  34  12 111  89  67  45  23   1 100  78  56  34  12 111  89  67  45  23   1 100  78  56  34  12 111  89  67  45  23   1 100  78  56  34  12 111  89  67  45  23   1 100  78  56  34  12 111  89  67  45  23   1 100  78  56  34  12 111  89  67  45  23   1 100  78  56  34  12 111  89  67  45  23   1 100  78  56  34  12 111  89  67  45  23   1 100  78  56  34  12 111  89  67  45  23 
101  37 107  38  87  75  73 113  39  67 112  59  30   5  21  64  51  69  72  12   2  81  74  93  76  53  29  25 105  78  13 103 118  60  10  42   7 102  17  23  24   4  41  27  65  31 106  58  50  89  35  26  85 115 120  20  84  14  83  34  46  48   8  82  54   9  62  91 116 100  57  70  52  49 109 119  40  47  28  45  68  92  96  16  43 108  18   3  61 111  79 114  19 104  98  97 117  80  94  56  90  15  63  71  32  86  95  36   6   1 101  37 107  38  87  75  73 113  39  67 
102 119  38   4  45 113  31  16  59  89   3  64 115 114  12  14  97  93  48  56  25   9  71 103 100  36  42  49  37  23  47  75  27  92  67  58 108   5  26 111  69  20 104  81  34  80  53  82  15  78  91  86  60  70   1 102 119  38   4  45 113  31  16  59  89   3  64 115 114  12  14  97  93  48  56  25   9  71 103 100  36  42  49  37  23  47  75  27  92  67  58 108   5  26 111  69  20 104  81  34  80  53  82  15  78  91  86  60  70   1 102 119  38   4  45 113  31  16  59  89 
103  82  97  69  89  92  38  42  91  56  81 115 108 113  23  70  71  53  14 111  59  27 119  36  78  48 104  64  58  45  37  60   9  80  12  26  16  75 102 100  15  93  20   3  67   4  49  86  25  34 114   5  31  47   1 103  82  97  69  89  92  38  42  91  56  81 115 108 113  23  70  71  53  14 111  59  27 119  36  78  48 104  64  58  45  37  60   9  80  12  26  16  75 102 100  15  93  20   3  67   4  49  86  25  34 114   5  31  47   1 103  82  97  69  89  92  38  42  91  56 
104  47  48  31  78   5  36 114 119  34  27  25  59  86 111  49  14   4  53  67  71   3  70  20  23  93 113  15 108 100 115 102  81  75  56  16  91  26  42  12  38  80  92   9  89  60  69  37  97  45  82  58 103  64   1 104  47  48  31  78   5  36 114 119  34  27  25  59  86 111  49  14   4  53  67  71   3  70  20  23  93 113  15 108 100 115 102  81  75  56  16  91  26  42  12  38  80  92   9  89  60  69  37  97  45  82  58 103  64   1 104  47  48  31  78   5  36 114 119  34 
105  14  18  75  10  82  19  59  24 100  94  69 106 119  32  93  85  92 101  78  83   3  73  42  54 104  30   4  57  56  72  58  40  86  76 115  96  37  13  34  61 113   7   9  98   5  41  70  90  12  50  47  95  53 120  16 107 103  46 111  39 102  62  97  21  27  52  15   2  89  28  36  29  20  43  38 118  48  79  67  17  91 117  64  65  49  63  81  35  45   6  25  84 108  87  60   8 114 112  23 116  80  51  31 109  71  74  26  68   1 105  14  18  75  10  82  19  59  24 100 
106 104  13  47  21  48   6  31  19  78  40   5  46  36  65 114 105 119  30  34  95  27  79  25 109  59  83  86  41 111  29  49 112  14  32   4  61  53  52  67  84  71  24   3  76  70  39  20  63  23  18  93  57 113 120  15  17 108  74 100  73 115  90 102  43  81 116  75  85  56   7  16   2  91  87  26  94  42  96  12  62  38  35  80  10  92  72   9 107  89 117  60  68  69  54  37  50  97 118  45  51  82 101  58  98 103  28  64   8   1 106 104  13  47  21  48   6  31  19  78 
107  75  39  59  21  69   2  93  29  78 118  42  17   4  65  58  35 115  84  34   8   9 116  70 109  47  68  16  18 111  19  97  94  15  32  36 101  38  73  67  30  64  72  81  76  25  13  60   7  23  41  31  50  26 120  14  46  82  62 100  52 119  28  92  43   3  79 104 117  56  63  86   6  37  87 113 112   5  51  12  74  53 105 103  10 102  24  27 106  89  85  20  83  48  54  91  57  49  40  45  96 108  61 114  98  80  90  71  95   1 107  75  39  59  21  69   2  93  29  78 
108  48 102   5  56 119  26  25  38 111   9   4  69  71  45  20 103 113 104 100  31  81  36  16  34  42  59  80  49  89  53  37   3  82  23  64  15  47 115  78  75 114  91  27  12  86  92  14  60  67  97  70  58  93   1 108  48 102   5  56 119  26  25  38 111   9   4  69  71  45  20 103 113 104 100  31  81  36  16  34  42  59  80  49  89  53  37   3  82  23  64  15  47 115  78  75 114  91  27  12  86  92  14  60  67  97  70  58  93   1 108  48 102   5  56 119  26  25  38 111 
109  23  87  45  65  67  43  89  21 111 120  12  98  34  76  56  54  78  32 100  10   1 109  23  87  45  65  67  43  89  21 111 120  12  98  34  76  56  54  78  32 100  10   1 109  23  87  45  65  67  43  89  21 111 120  12  98  34  76  56  54  78  32 100  10   1 109  23  87  45  65  67  43  89  21 111 120  12  98  34  76  56  54  78  32 100  10   1 109  23  87  45  65  67  43  89  21 111 120  12  98  34  76  56  54  78  32 100  10   1 109  23  87  45  65  67  43  89  21 111 
111 100  89  78  67  56  45  34  23  12   1 111 100  89  78  67  56  45  34  23  12   1 111 100  89  78  67  56  45  34  23  12   1 111 100  89  78  67  56  45  34  23  12   1 111 100  89  78  67  56  45  34  23  12   1 111 100  89  78  67  56  45  34  23  12   1 111 100  89  78  67  56  45  34  23  12   1 111 100  89  78  67  56  45  34  23  12   1 111 100  89  78  67  56  45  34  23  12   1 111 100  89  78  67  56  45  34  23  12   1 111 100  89  78  67  56  45  34  23  12 
112  81 118  27 120   9  40   3  94   1 112  81 118  27 120   9  40   3  94   1 112  81 118  27 120   9  40   3  94   1 112  81 118  27 120   9  40   3  94   1 112  81 118  27 120   9  40   3  94   1 112  81 118  27 120   9  40   3  94   1 112  81 118  27 120   9  40   3  94   1 112  81 118  27 120   9  40   3  94   1 112  81 118  27 120   9  40   3  94   1 112  81 118  27 120   9  40   3  94   1 112  81 118  27 120   9  40   3  94   1 112  81 118  27 120   9  40   3  94   1 
113  64  93 103  23  58  20  82  70  45   3  97  71  37  67  69  53  60   4  89  14   9  49  92 111  80  86  38  59  12  25  42  27  26  34  91 119  16 114  56  36  75   5  81  78 102  31 115  48 100  47 108 104  15   1 113  64  93 103  23  58  20  82  70  45   3  97  71  37  67  69  53  60   4  89  14   9  49  92 111  80  86  38  59  12  25  42  27  26  34  91 119  16 114  56  36  75   5  81  78 102  31 115  48 100  47 108 104  15   1 113  64  93 103  23  58  20  82  70  45 
114  49  20 102  12  37 104 119  14  23  81  38  97  47  34   4  93  75  80  45  48  27  53 113  56  92  82  31  25  67  15  16   9  58  78  59  71 108  91  89 103   5  86   3 100  26  60  64  36 111  70 115  42  69   1 114  49  20 102  12  37 104 119  14  23  81  38  97  47  34   4  93  75  80  45  48  27  53 113  56  92  82  31  25  67  15  16   9  58  78  59  71 108  91  89 103   5  86   3 100  26  60  64  36 111  70 115  42  69   1 114  49  20 102  12  37 104 119  14  23 
115  36  26  86  89  71  58  15  31  56  27  80   4  97  23 104 102 114  42 111  60   3 103 108  78  16  25  92  53  45  93  47  81 119  12  49  69  70  64 100   5  91  59   9  67  82 113  48  75  34  38  14  37  20   1 115  36  26  86  89  71  58  15  31  56  27  80   4  97  23 104 102 114  42 111  60   3 103 108  78  16  25  92  53  45  93  47  81 119  12  49  69  70  64 100   5  91  59   9  67  82 113  48  75  34  38  14  37  20   1 115  36  26  86  89  71  58  15  31  56 
116  25 117  20  21  16  41  37  57  78  94  14  51 108  65  38  52 103  90  34  72   3 106  75 109  60  63  48   2 111  50 113  40  42  32  82  74 114  35  67  28 102  95   9  76 104  85  59  68  23   6  91  29  97 120   5  96   4 101 100 105  80  84  64  43  27 107  70  13  56  83  69  18  31  87  49 118  15  46  12  61  58  73 119  10  71   8  81  79  89  39  47   7  86  54  93  19  26 112  45  17  36  62  53  98 115  30  92  24   1 116  25 117  20  21  16  41  37  57  78 
117  16  57  14  65 103  72  75  63 111  40  82  35 102  76  59   6  97  96 100  84  27  13  69  87  15  61 119   8  89   7  93 112  36  98  92 116  20  41  78  51  38  90   3 109  48  50  42  74  67  95 104  68  91 120   4 105  64 107  56  18  49  46  58  10  81  39  86  19  45  62 115  24  25  21  37  94 108  52  34 106  60   2 113  32 114  28   9  85  23  29   5 101  80  43  70  83  31 118  12  73  71  79  47  54  26  17  53  30   1 117  16  57  14  65 103  72  75  63 111 
118   9  94  81 120   3 112  27  40   1 118   9  94  81 120   3 112  27  40   1 118   9  94  81 120   3 112  27  40   1 118   9  94  81 120   3 112  27  40   1 118   9  94  81 120   3 112  27  40   1 118   9  94  81 120   3 112  27  40   1 118   9  94  81 120   3 112  27  40   1 118   9  94  81 120   3 112  27  40   1 118   9  94  81 120   3 112  27  40   1 118   9  94  81 120   3 112  27  40   1 118   9  94  81 120   3 112  27  40   1 118   9  94  81 120   3 112  27  40   1 
119   4 113  16  89  64 114  14  93  56   9 103  36  49  23  75  92  58   5 111  20  81  80  82  78  86  70 102  38  45  31  59   3 115  12  97  48  25  71 100  42  37  47  27  67 108  26  69 104  34  53  15  91  60   1 119   4 113  16  89  64 114  14  93  56   9 103  36  49  23  75  92  58   5 111  20  81  80  82  78  86  70 102  38  45  31  59   3 115  12  97  48  25  71 100  42  37  47  27  67 108  26  69 104  34  53  15  91  60   1 119   4 113  16  89  64 114  14  93  56 
120   1 120   1 120   1 120   1 120   1 120   1 120   1 120   1 120   1 120   1 120   1 120   1 120   1 120   1 120   1 120   1 120   1 120   1 120   1 120   1 120   1 120   1 120   1 120   1 120   1 120   1 120   1 120   1 120   1 120   1 120   1 120   1 120   1 120   1 120   1 120   1 120   1 120   1 120   1 120   1 120   1 120   1 120   1 120   1 120   1 120   1 120   1 120   1 120   1 120   1 120   1 120   1 120   1 120   1 120   1 120   1 120   1 120   1 120   1 120   1 
